<?xml version="1.0"?>
<opencv_storage>
<Intrinsic type_id="opencv-matrix">
  <rows>3</rows>
  <cols>3</cols>
  <dt>d</dt>
  <data>
    9.1729446134945590e+02 0. 1.6479946653827542e+02 0.
    9.1729446134945590e+02 3.0837248185958998e+02 0. 0. 1.</data></Intrinsic>
<Distortion type_id="opencv-matrix">
  <rows>8</rows>
  <cols>1</cols>
  <dt>d</dt>
  <data>
    -6.4046707913418055e-01 7.6286963771322802e-01
    -8.7173969711927965e-02 -1.3578002472198665e-03 0. 0. 0. 0.</data></Distortion>
<NumOfExtrinsics>30</NumOfExtrinsics>
<Extrinsics>
  <_>
    <R type_id="opencv-matrix">
      <rows>3</rows>
      <cols>1</cols>
      <dt>d</dt>
      <data>
        2.7630466098214179e-01 2.1753106438975024e-02
        -1.6381337576511668e+00</data></R>
    <t type_id="opencv-matrix">
      <rows>3</rows>
      <cols>1</cols>
      <dt>d</dt>
      <data>
        -1.3483928603226607e+02 -7.0400454507221212e+01
        9.4717844522572602e+02</data></t></_>
  <_>
    <R type_id="opencv-matrix">
      <rows>3</rows>
      <cols>1</cols>
      <dt>d</dt>
      <data>
        3.6882842253045597e-02 3.5157566235127169e-01
        -1.5749323599308811e+00</data></R>
    <t type_id="opencv-matrix">
      <rows>3</rows>
      <cols>1</cols>
      <dt>d</dt>
      <data>
        -1.2968311387504079e+02 -8.5964241384783264e+01
        1.0014448349921278e+03</data></t></_>
  <_>
    <R type_id="opencv-matrix">
      <rows>3</rows>
      <cols>1</cols>
      <dt>d</dt>
      <data>
        3.0668922195521958e-01 -3.3595565212834702e-02
        -1.6516794996547379e+00</data></R>
    <t type_id="opencv-matrix">
      <rows>3</rows>
      <cols>1</cols>
      <dt>d</dt>
      <data>
        -1.3212267891981577e+02 -6.5853326533197176e+01
        9.3343969458846846e+02</data></t></_>
  <_>
    <R type_id="opencv-matrix">
      <rows>3</rows>
      <cols>1</cols>
      <dt>d</dt>
      <data>
        3.5389638258229156e-01 3.4683152364975926e-02
        -1.5942305842641795e+00</data></R>
    <t type_id="opencv-matrix">
      <rows>3</rows>
      <cols>1</cols>
      <dt>d</dt>
      <data>
        -1.3673511620906899e+02 -7.0439469002904801e+01
        9.4422966084837151e+02</data></t></_>
  <_>
    <R type_id="opencv-matrix">
      <rows>3</rows>
      <cols>1</cols>
      <dt>d</dt>
      <data>
        1.1005980302154318e-01 3.3807711543604663e-01
        -1.6232545603321353e+00</data></R>
    <t type_id="opencv-matrix">
      <rows>3</rows>
      <cols>1</cols>
      <dt>d</dt>
      <data>
        -1.3043043038560330e+02 -7.7803916308605395e+01
        1.0017932725679658e+03</data></t></_>
  <_>
    <R type_id="opencv-matrix">
      <rows>3</rows>
      <cols>1</cols>
      <dt>d</dt>
      <data>
        3.2619994726147805e-01 6.5441877154592126e-02
        -1.6616708710653767e+00</data></R>
    <t type_id="opencv-matrix">
      <rows>3</rows>
      <cols>1</cols>
      <dt>d</dt>
      <data>
        -1.3016845337334178e+02 -6.2360137565461940e+01
        9.5380513310205311e+02</data></t></_>
  <_>
    <R type_id="opencv-matrix">
      <rows>3</rows>
      <cols>1</cols>
      <dt>d</dt>
      <data>
        2.5707824676381580e-02 2.6040829427736534e-01
        -1.5612173882401181e+00</data></R>
    <t type_id="opencv-matrix">
      <rows>3</rows>
      <cols>1</cols>
      <dt>d</dt>
      <data>
        -1.3441409359805260e+02 -8.5480701613503129e+01
        9.9029721272842880e+02</data></t></_>
  <_>
    <R type_id="opencv-matrix">
      <rows>3</rows>
      <cols>1</cols>
      <dt>d</dt>
      <data>
        3.4737932844412972e-01 1.9199911357307291e-02
        -1.5069509517380995e+00</data></R>
    <t type_id="opencv-matrix">
      <rows>3</rows>
      <cols>1</cols>
      <dt>d</dt>
      <data>
        -1.4750070687779697e+02 -8.2047444369169781e+01
        9.3907718134216691e+02</data></t></_>
  <_>
    <R type_id="opencv-matrix">
      <rows>3</rows>
      <cols>1</cols>
      <dt>d</dt>
      <data>
        4.7274058147217676e-02 3.0032262331417892e-01
        -1.5213157319249933e+00</data></R>
    <t type_id="opencv-matrix">
      <rows>3</rows>
      <cols>1</cols>
      <dt>d</dt>
      <data>
        -1.4286848300341660e+02 -8.8871859293187129e+01
        9.9601607329210947e+02</data></t></_>
  <_>
    <R type_id="opencv-matrix">
      <rows>3</rows>
      <cols>1</cols>
      <dt>d</dt>
      <data>
        -1.5576556922548446e-02 2.6846791624292038e-01
        -1.4522921283796417e+00</data></R>
    <t type_id="opencv-matrix">
      <rows>3</rows>
      <cols>1</cols>
      <dt>d</dt>
      <data>
        -1.4389438832437799e+02 -1.0207462671529343e+02
        9.8945349427698216e+02</data></t></_>
  <_>
    <R type_id="opencv-matrix">
      <rows>3</rows>
      <cols>1</cols>
      <dt>d</dt>
      <data>
        3.0169584315923370e-01 1.5821484185018206e-02
        -1.5704992993672549e+00</data></R>
    <t type_id="opencv-matrix">
      <rows>3</rows>
      <cols>1</cols>
      <dt>d</dt>
      <data>
        -1.3595044607770748e+02 -8.0174357433538560e+01
        9.4323475130803808e+02</data></t></_>
  <_>
    <R type_id="opencv-matrix">
      <rows>3</rows>
      <cols>1</cols>
      <dt>d</dt>
      <data>
        6.0839692197414162e-02 1.7889134077549199e-01
        -1.5964734549329420e+00</data></R>
    <t type_id="opencv-matrix">
      <rows>3</rows>
      <cols>1</cols>
      <dt>d</dt>
      <data>
        -1.3887055043801368e+02 -7.5431009725352936e+01
        9.8128712381443074e+02</data></t></_>
  <_>
    <R type_id="opencv-matrix">
      <rows>3</rows>
      <cols>1</cols>
      <dt>d</dt>
      <data>
        -4.9787969968764306e-02 2.2546440377119237e-01
        -1.5884102191262994e+00</data></R>
    <t type_id="opencv-matrix">
      <rows>3</rows>
      <cols>1</cols>
      <dt>d</dt>
      <data>
        -1.3485171578163542e+02 -7.3912943615982115e+01
        9.8542896098957294e+02</data></t></_>
  <_>
    <R type_id="opencv-matrix">
      <rows>3</rows>
      <cols>1</cols>
      <dt>d</dt>
      <data>
        1.3240324805438297e-01 2.4683023805393703e-01
        -1.5666629608573091e+00</data></R>
    <t type_id="opencv-matrix">
      <rows>3</rows>
      <cols>1</cols>
      <dt>d</dt>
      <data>
        -1.3971125329139312e+02 -8.7130647346182627e+01
        9.9028214534767403e+02</data></t></_>
  <_>
    <R type_id="opencv-matrix">
      <rows>3</rows>
      <cols>1</cols>
      <dt>d</dt>
      <data>
        2.1144263130098168e-01 2.0547705578535591e-01
        -1.5045777046245377e+00</data></R>
    <t type_id="opencv-matrix">
      <rows>3</rows>
      <cols>1</cols>
      <dt>d</dt>
      <data>
        -1.4502414514908924e+02 -9.2411315432686919e+01
        9.8244501565495636e+02</data></t></_>
  <_>
    <R type_id="opencv-matrix">
      <rows>3</rows>
      <cols>1</cols>
      <dt>d</dt>
      <data>
        2.0033443570560228e-01 -4.7526600883772363e-02
        -1.6024173527620724e+00</data></R>
    <t type_id="opencv-matrix">
      <rows>3</rows>
      <cols>1</cols>
      <dt>d</dt>
      <data>
        -1.3506324173746304e+02 -7.2504742051296347e+01
        9.3757402716466936e+02</data></t></_>
  <_>
    <R type_id="opencv-matrix">
      <rows>3</rows>
      <cols>1</cols>
      <dt>d</dt>
      <data>
        -7.6805952184935758e-02 1.9072315884239768e-01
        -1.6032465626295760e+00</data></R>
    <t type_id="opencv-matrix">
      <rows>3</rows>
      <cols>1</cols>
      <dt>d</dt>
      <data>
        -1.3013935929047423e+02 -7.3826732559235865e+01
        9.8129939932555692e+02</data></t></_>
  <_>
    <R type_id="opencv-matrix">
      <rows>3</rows>
      <cols>1</cols>
      <dt>d</dt>
      <data>
        2.8049064226912174e-01 7.6757198277427066e-02
        -1.6607844986660352e+00</data></R>
    <t type_id="opencv-matrix">
      <rows>3</rows>
      <cols>1</cols>
      <dt>d</dt>
      <data>
        -1.2759767587694851e+02 -6.4695895585684170e+01
        9.5876129891754306e+02</data></t></_>
  <_>
