<?xml version="1.0"?>
<opencv_storage>
<Intrinsic type_id="opencv-matrix">
  <rows>3</rows>
  <cols>3</cols>
  <dt>d</dt>
  <data>
    8.4828163498686664e+01 0. 1.6458649615293294e+02 0.
    8.4828163498686664e+01 3.4302277813398206e+01 0. 0. 1.</data></Intrinsic>
<Distortion type_id="opencv-matrix">
  <rows>8</rows>
  <cols>1</cols>
  <dt>d</dt>
  <data>
    4.8570972961199770e-02 -6.3011128422314532e-03
    -1.2534916658852417e-02 -3.5774273952745871e-02 0. 0. 0. 0.</data></Distortion>
<NumOfExtrinsics>8</NumOfExtrinsics>
<Extrinsics>
  <_>
    <R type_id="opencv-matrix">
      <rows>3</rows>
      <cols>1</cols>
      <dt>d</dt>
      <data>
        -1.4293880800260114e-01 -1.2563777353470462e+00
        -7.9079449831970172e-01</data></R>
    <t type_id="opencv-matrix">
      <rows>3</rows>
      <cols>1</cols>
      <dt>d</dt>
      <data>
        -7.5492534148018990e+01 -8.9425128783116428e+00
        -5.1003041792627968e+01</data></t></_>
  <_>
    <R type_id="opencv-matrix">
      <rows>3</rows>
      <cols>1</cols>
      <dt>d</dt>
      <data>
        -7.2883693324023857e-01 -1.5496094067913795e+00
        -1.2508917737405816e+00</data></R>
    <t type_id="opencv-matrix">
      <rows>3</rows>
      <cols>1</cols>
      <dt>d</dt>
      <data>
        -1.0238492970481951e+02 -3.1857502106859714e-01
        -1.4660863880125788e+02</data></t></_>
  <_>
    <R type_id="opencv-matrix">
      <rows>3</rows>
      <cols>1</cols>
      <dt>d</dt>
      <data>
        -7.2299039047372324e-02 1.1371240829525274e-01
        -1.5738184125630297e+00</data></R>
    <t type_id="opencv-matrix">
      <rows>3</rows>
      <cols>1</cols>
      <dt>d</dt>
      <data>
        -1.8046973768842031e+02 2.2575351209775033e+02
        1.4334898395767141e+02</data></t></_>
  <_>
    <R type_id="opencv-matrix">
      <rows>3</rows>
      <cols>1</cols>
      <dt>d</dt>
      <data>
        -8.3830649802705715e-02 1.2522119360558498e-01
        -1.5804197625114775e+00</data></R>
    <t type_id="opencv-matrix">
      <rows>3</rows>
      <cols>1</cols>
      <dt>d</dt>
      <data>
        -1.7713800504631581e+02 2.2683133728326919e+02
        1.4597004317248138e+02</data></t></_>
  <_>
    <R type_id="opencv-matrix">
      <rows>3</rows>
      <cols>1</cols>
      <dt>d</dt>
      <data>
        -7.2572945422187937e-02 1.2949361945463522e-01
        -1.5847513000820752e+00</data></R>
    <t type_id="opencv-matrix">
      <rows>3</rows>
      <cols>1</cols>
      <dt>d</dt>
      <data>
        -1.7381943202174548e+02 2.2563109961024765e+02
        1.4306481594780101e+02</data></t></_>
  <_>
    <R type_id="opencv-matrix">
      <rows>3</rows>
      <cols>1</cols>
      <dt>d</dt>
      <data>
        -8.1774602700726548e-02 1.2356146842712896e-01
        -1.5799904034749817e+00</data></R>
    <t type_id="opencv-matrix">
      <rows>3</rows>
      <cols>1</cols>
      <dt>d</dt>
      <data>
        -1.7231897630992538e+02 2.2403844486553055e+02
        1.4234276757973845e+02</data></t></_>
  <_>
    <R type_id="opencv-matrix">
      <rows>3</rows>
      <cols>1</cols>
      <dt>d</dt>
      <data>
        -8.0079838251635699e-02 1.2223698856990579e-01
        -1.5805033013751293e+00</data></R>
    <t type_id="opencv-matrix">
      <rows>3</rows>
      <cols>1</cols>
      <dt>d</dt>
      <data>
        -1.7045513928996553e+02 2.2309111606080194e+02
        1.4113516033086708e+02</data></t></_>
  <_>
    <R type_id="opencv-matrix">
      <rows>3</rows>
      <cols>1</cols>
      <dt>d</dt>
      <data>
        -8.0120294365978451e-02 1.1962068926798677e-01
        -1.5796881180390046e+00</data></R>
    <t type_id="opencv-matrix">
      <rows>3</rows>
      <cols>1</cols>
      <dt>d</dt>
      <data>
        -1.6810996642057697e+02 2.2214343156170327e+02
        1.4013037986249159e+02</data></t></_></Extrinsics>
</opencv_storage>


RMSE: 1.57342px
